1253
1249
1247
1243
1244
1241
1239
1233
1234
1236
1239
1244
1244
1246
1247
1253
1248
1253
1255
1256
1259
1255
1260
1259
1260
1261
1263
1264
1269
1272
1272
1275
1273
1285
1282
1286
1290
1287
1281
1281
1273
1267
1262
1254
1249
1246
1237
1232
1231
1236
1239
1241
1249
1251
1256
1258
1258
1264
1270
1272
1272
1277
1276
1282
1283
1284
1288
1292
1287
1300
1299
1301
1307
1313
1309
1306
1297
1285
1276
1269
1259
1250
1243
1230
1216
1208
1218
1223
1228
1244
1244
1256
1258
1266
1273
1272
1274
1271
1263
1260
1254
1248
1246
1236
1228
1239
1238
1250
1255
1261
1269
1269
1284
1289
1283
1288
1281
1276
1270
1265
1265
1255
1249
1247
1243
1243
1242
1246
1253
1257
1259
1266
1264
1267
1274
1274
1276
1266
1269
1268
1265
1259
1257
1254
1252
1243
1241
1241
1242
1250
1253
1255
1263
1263
1267
1271
1273
1277
1280
1279
1274
1269
1267
1264
1260
1254
1253
1248
1248
1252
1255
1264
1271
1276
1283
1281
1289
1292
1287
1289
1282
1274
1271
1259
1258
1257
1246
1243
1246
1246
1245
1249
1255
1265
1261
1263
1266
1271
1272
1272
1280
1276
1275
1268
1265
1260
1256
1251
1249
1241
1231
1228
1232
1240
1245
1254
1254
1258
1270
1278
1280
1276
1277
1282
1275
1274
1264
1253
1255
1249
1250
1243
1239
1236
1235
1234
1245
1254
1259
1270
1272
1273
1282
1285
1295
1294
1287
1288
1286
1279
1274
1270
1268
1259
1256
1254
1250
1245
1236
1237
1237
1235
1241
1244
1252
1260
1259
1246
1267
1279
1270
1274
1278
1268
1263
1252
1250
1247
1238
1227
1220
1209
1203
1204
1214
1222
1236
1248
1255
1261
1274
1286
1285
1282
1283
1275
1264
1258
1253
1249
1242
1239
1225
1220
1220
1216
1227
1244
1249
1250
1261
1265
1275
1278
1280
1286
1273
1270
1266
1266
1258
1250
1250
1243
1244
1237
1230
1237
1231
1241
1249
1249
1263
1266
1267
1280
1276
1290
1288
1280
1275
1270
1259
1255
1250
1241
1227
1231
1231
1237
1239
1247
1255
1259
1266
1274
1282
1289
1290
1287
1279
1273
1262
1264
1255
1250
1237
1232
1231
1239
1241
1255
1259
1264
1274
1282
1290
1289
1284
1288
1283
1270
1273
1265
1262
1254
1252
1248
1248
1248
1250
1254
1256
1260
1260
1262
1268
1269
1264
1262
1255
1251
1243
1232
1228
1219
1213
1207
1210
1214
1222
1232
1249
1252
1262
1262
1282
1280
1280
1276
1272
1267
1257
1249
1244
1236
1224
1225
1227
1227
1240
1255
1257
1269
1270
1276
1289
1290
1290
1283
1278
1267
1261
1252
1247
1236
1224
1227
1227
1240
1251
1261
1272
1279
1287
1306
1296
1294
1287
1279
1274
1270
1263
1255
1244
1241
1237
1245
1249
1257
1263
1266
1271
1276
1282
1287
1291
1292
1279
1272
1264
1261
1254
1244
1236
1240
1238
1244
1253
1258
1267
1273
1282
1290
1296
1291
1275
1286
1277
1272
1267
1268
1256
1248
1247
1234
1242
1243
1250
1260
1263
1267
1273
1279
1288
1285
1287
1281
1272
1263
1258
1248
1243
1242
1228
1223
1230
1236
1244
1256
1262
1275
1280
1289
1299
1288
1286
1288
1280
1275
1266
1262
1253
1246
1247
1243
1246
1252
1258
1265
1269
1269
1275
1280
1286
1283
1280
1275
1271
1263
1258
1255
1251
1244
1243
1243
1241
1240
1251
1256
1256
1260
1262
1271
1272
1270
1273
1269
1264
1256
1250
1246
1239
1233
1226
1216
1216
1215
1223
1234
1246
1244
1262
1272
1281
1291
1302
1305
1304
1294
1289
1282
1280
1271
1268
1262
1254
1254
1255
1255
1256
1252
1255
1254
1256
1251
1250
1240
1231
1213
1207
1194
1180
1170
1173
1178
1196
1205
1229
1241
1251
1265
1277
1288
1286
1287
1282
1272
1261
1255
1249
1243
1238
1225
1218
1212
1202
1224
1235
1244
1252
1254
1263
1277
1273
1279
1275
1262
1251
1248
1235
1225
1209
1215
1214
1219
1230
1244
1255
1260
1268
1271
1287
1296
1289
1281
1276
1264
1257
1246
1231
1219
1197
1198
1188
1193
1204
1211
1221
1234
1240
1244
1252
1257
1267
1274
1273
1280
1273
1273
1264
1260
1254
1252
1249
1242
1240
1247
1236
1252
1258
1257
1268
1270
1274
1283
1287
1283
1286
1284
1275
1272
1267
1263
1259
1240
1249
1252
1252
1258
1267
1268
1279
1282
1288
1282
1290
1287
1283
1275
1270
1260
1253
1247
1242
1232
1217
1221
1213
1224
1224
1225
1228
1239
1236
1242
1244
1248
1252
1260
1266
1270
1277
1284
1292
1294
1301
1306
1313
1323
1321
1323
1317
1303
1289
1282
1268
1252
1245
1226
1218
1212
1212
1221
1224
1232
1234
1239
1243
1245
1248
1252
1254
1254
1259
1261
1268
1260
1272
1281
1292
1289
1301
1310
1319
1327
1337
1336
1333
1322
1312
1294
1291
1276
1266
1252
1239
1232
1228
1231
1236
1245
1245
1253
1250
1253
1254
1262
1260
1259
1255
1253
1248
1247
1243
1239
1233
1225
1227
1232
1241
1247
1254
1259
1270
1273
1279
1289
1286
1283
1283
1277
1263
1252
1245
1237
1222
1214
1220
1218
1229
1240
1242
1248
1252
1256
1262
1268
1273
1278
1281
1282
1280
1278
1272
1271
1266
1264
1259
1254
1252
1255
1256
1260
1265
1271
1273
1273
1280
1285
1288
1283
1286
1277
1269
1263
1258
1249
1245
1239
1226
1222
1223
1227
1231
1242
1240
1250
1245
1251
1254
1257
1264
1268
1270
1273
1277
1284
1291
1292
1289
1297
1300
1304
1306
1316
1313
1307
1308
1301
1286
1283
1282
1273
1266
1260
1258
1245
1240
1238
1247
1241
1251
1248
1255
1255
1259
1253
1261
1262
1261
1265
1268
1268
1262
1261
1255
1253
1254
1249
1247
1242
1237
1235
1248
1250
1261
1271
1276
1285
1289
1297
1304
1317
1313
1312
1310
1300
1289
1278
1273
1263
1256
1245
1235
1234
1229
1240
1250
1252
1256
1262
1269
1273
1283
1277
1283
1280
1274
1265
1262
1256
1255
1258
1242
1235
1231
1226
1233
1237
1249
1255
1264
1271
1276
1286
1291
1302
1292
1293
1291
1281
1274
1270
1262
1257
1247
1244
1242
1246
1251
1258
1265
1273
1274
1277
1283
1287
1287
1292
1287
1281
1272
1274
1267
1262
1256
1252
1243
1244
1246
1254
1260
1264
1273
1275
1278
1289
1292
1297
1293
1288
1288
1281
1274
1270
1265
1264
1254
1253
1243
1244
1242
1243
1247
1254
1258
1261
1266
1266
1272
1275
1281
1284
1288
1288
1278
1279
1266
1260
1253
1250
1247
1233
1235
1234
1246
1244
1255
1261
1270
1275
1281
1289
1293
1288
1288
1278
1273
1268
1259
1251
1248
1243
1234
1226
1224
1224
1232
1242
1256
1258
1267
1270
1282
1297
1293
1284
1283
1274
1272
1264
1261
1252
1245
1242
1242
1247
1251
1260
1265
1275
1273
1280
1296
1297
1290
1288
1278
1270
1261
1250
1243
1228
1224
1228
1233
1244
1259
1271
1277
1293
1300
1297
1294
1288
1277
1271
1264
1258
1251
1240
1233
1229
1230
1234
1243
1248
1253
1263
1263
1258
1278
1280
1276
1269
1260
1250
1242
1230
1220
1204
1208
1204
1215
1223
1246
1258
1271
1283
1304
1308
1311
1308
1305
1288
1288
1280
1277
1268
1265
1259
1251
1243
1242
1248
1246
1250
1255
1260
1262
1271
1272
1282
1270
1274
1264
1250
1244
1234
1227
1219
1202
1206
1200
1207
1217
1236
1242
1252
1263
1272
1283
1285
1287
1284
1278
1270
1269
1259
1259
1253
1252
1243
1243
1249
1248
1249
1260
1263
1271
1268
1277
1286
1287
1292
1287
1284
1271
1268
1260
1251
1250
1243
1236
1222
1224
1217
1224
1236
1246
1260
1270
1279
1285
1310
1299
1298
1290
1283
1275
1273
1261
1254
1244
1249
1253
1255
1262
1269
1273
1283
1285
1291
1279
1276
1268
1255
1248
1237
1228
1206
1208
1207
1210
1221
1238
1252
1259
1267
1277
1294
1290
1286
1290
1280
1268
1266
1254
1258
1247
1247
1240
1246
1248
1256
1253
1264
1261
1271
1277
1274
1269
1262
1255
1250
1242
1232
1225
1209
1212
1209
1216
1222
1239
1246
1254
1264
1270
1281
1283
1281
1284
1276
1272
1265
1262
1258
1254
1249
1247
1252
1252
1252
1258
1260
1268
1273
1274
1276
1278
1285
1286
1289
1286
1283
1280
1272
1269
1263
1256
1252
1251
1246
1238
1228
1226
1227
1232
1237
1244
1251
1254
1254
1260
1267
1271
1271
1278
1275
1273
1271
1266
1265
1262
1260
1253
1253
1251
1249
1246
1245
1245
1236
1239
1234
1233
1228
1230
1228
1234
1236
1236
1237
1242
1241
1250
1241
1242
1251
1247
1246
1248
1251
1249
1251
1254
1255
1260
1262
1260
1266
1267
1269
1271
1272
1272
1274
1274
1278
1279
1281
1280
1277
1271
1269
1260
1258
1258
1251
1248
1244
1238
1238
1236
1240
1245
1253
1250
1256
1257
1256
1262
1265
1268
1268
1271
1272
1275
1274
1281
1284
1288
1291
1288
1293
1303
1301
1294
1287
1284
1273
1266
1256
1252
1233
1245
1240
1243
1251
1251
1259
1266
1268
1273
1281
1284
1281
1275
1271
1261
1261
1252
1250
1243
1233
1239
1229
1242
1250
1254
1262
1263
1267
1273
1279
1281
1289
1288
1289
1288
1280
1270
1268
1263
1256
1253
1253
1244
1233
1231
1231
1232
1240
1241
1246
1251
1253
1255
1256
1257
1264
1261
1262
1261
1255
1255
1252
1248
1249
1244
1238
1238
1243
1249
1253
1261
1266
1273
1275
1287
1288
1289
1288
1287
1278
1269
1262
1254
1247
1241
1226
1221
1233
1235
1240
1249
1251
1254
1261
1262
1271
1268
1267
1267
1259
1252
1248
1243
1236
1223
1220
1223
1227
1239
1249
1252
1263
1270
1275
1282
1285
1289
1288
1289
1280
1270
1266
1257
1251
1240
1237
1248
1238
1254
1262
1267
1275
1277
1289
1283
1285
1285
1286
1276
1271
1262
1260
1249
1243
1237
1238
1240
1249
1253
1253
1259
1259
1259
1268
1270
1271
1270
1271
1261
1262
1257
1255
1254
1245
1244
1248
1253
1260
1269
1271
1275
1282
1288
1290
1285
1287
1284
1277
1266
1260
1251
1247
1241
1227
1219
1219
1218
1229
1231
1237
1243
1247
1248
1256
1253
1261
1262
1264
1263
1270
1275
1283
1297
1294
1299
1306
1314
1323
1319
1321
1312
1300
1289
1282
1269
1268
1258
1245
1251
1242
1243
1249
1254
1257
1261
1264
1268
1272
1273
1280
1285
1277
1263
1266
1263
1255
1251
1246
1235
1234
1238
1236
1244
1248
1254
1258
1261
1265
1269
1274
1288
1279
1275
1271
1263
1257
1254
1248
1239
1236
1224
1226
1226
1235
1243
1253
1255
1256
1260
1270
1276
1274
1275
1276
1267
1266
1259
1254
1253
1249
1244
1237
1236
1236
1241
1243
1255
1252
1257
1260
1265
1270
1271
1278
1283
1276
1271
1274
1271
1267
1260
1260
1256
1253
1251
1250
1244
1243
1242
1248
1249
1255
1256
1261
1264
1268
1268
1272
1274
1276
1276
1274
1275
1272
1268
1269
1261
1260
1255
1252
1252
1249
1249
1242
1244
1244
1250
1253
1255
1260
1262
1266
1266
1271
1271
1274
1279
1282
1283
1290
1291
1287
1293
1300
1300
1302
1298
1288
1282
1277
1272
1265
1263
1253
1246
1241
1242
1246
1252
1260
1257
1269
1271
1275
1280
1287
1292
1289
1299
1296
1287
1288
1288
1283
1282
1277
1275
1273
1269
1267
1268
1260
1259
1254
1252
1254
1256
1261
1264
1271
1268
1274
1278
1281
1283
1289
1286
1284
1279
1273
1261
1259
1251
1244
1241
1230
1221
1219
1214
1222
1231
1240
1253
1264
1274
1281
1286
1303
1301
1301
1294
1284
1276
1269
1260
1254
1246
1237
1229
1230
1229
1237
1249
1254
1260
1266
1269
1283
1280
1282
1282
1270
1258
1254
1244
1240
1226
1216
1214
1215
1222
1236
1247
1258
1263
1274
1288
1287
1289
1284
1275
1265
1262
1253
1243
1237
1236
1236
1239
1248
1260
1267
1274
1276
1291
1301
1302
1297
1288
1280
1274
1272
1260
1256
1247
1251
1252
1258
1272
1274
1282
1291
1301
1296
1286
1284
1274
1262
1256
1246
1231
1224
1223
1233
1243
1258
1271
1285
1295
1317
1313
1311
1311
1300
1289
1287
1276
1270
1263
1255
1249
1243
1230
1227
1219
1213
1202
1199
1193
1180
1167
1157
1159
1165
1180
1195
1217
1223
1241
1251
1268
1277
1280
1282
1279
1270
1270
1261
1252
1251
1245
1239
1229
1236
1240
1244
1256
1260
1270
1267
1285
1287
1281
1281
1275
1264
1261
1250
1245
1239
1226
1226
1230
1233
1245
1257
1275
1278
1288
1303
1307
1301
1302
1286
1283
1280
1269
1263
1252
1249
1249
1249
1253
1262
1269
1277
1276
1287
1301
1288
1287
1288
1275
1267
1257
1248
1241
1232
1220
1215
1212
1220
1229
1248
1259
1271
1282
1293
1306
1299
1301
1291
1284
1282
1274
1262
1260
1251
1252
1253
1259
1261
1261
1272
1275
1278
1287
1289
1280
1271
1272
1258
1252
1243
1219
1216
1215
1216
1227
1240
1251
1261
1271
1279
1284
1287
1293
1282
1272
1262
1258
1248
1243
1230
1228
1229
1229
1238
1246
1252
1262
1265
1274
1282
1287
1283
1281
1274
1267
1263
1252
1249
1243
1230
1232
1232
1234
1246
1255
1263
1271
1276
1285
1288
1301
1287
1291
1291
1280
1273
1262
1256
1253
1245
1234
1236
1230
1235
1244
1251
1252
1262
1264
1270
1275
1275
1273
1274
1266
1261
1256
1250
1251
1248
1236
1231
1232
1229
1234
1242
1242
1251
1253
1255
1262
1263
1270
1272
1274
1269
1267
1259
1256
1250
1248
1245
1238
1233
1237
1236
1243
1250
1253
1260
1261
1267
1278
1274
1277
1274
1273
1263
1255
1250
1248
1238
1231
1222
1225
1216
1225
1231
1242
1247
1256
1261
1271
1278
1290
1289
1283
1289
1277
1269
1261
1254
1250
1241
1224
1232
1226
1227
1237
1249
1247
1255
1254
1259
1262
1269
1274
1274
1278
1281
1282
1281
1280
1281
1279
1276
1271
1271
1267
1262
1254
1252
1249
1247
1241
1235
1231
1221
1214
1220
1221
1228
1242
1244
1253
1258
1263
1269
1272
1281
1289
1287
1285
1285
1280
1273
1271
1264
1263
1256
1251
1249
1239
1241
1241
1249
1252
1261
1266
1273
1279
1283
1292
1296
1295
1294
1287
1285
1275
1269
1263
1254
1250
1240
1228
1230
1233
1234
1234
1243
1243
1248
1250
1250
1253
1252
1257
1262
1267
1272
1283
1286
1289
1298
1305
1311
1308
1307
1295
1287
1276
1267
1261
1247
1235
1221
1222
1219
1225
1227
1233
1234
1239
1239
1239
1244
1244
1244
1243
1243
1242
1239
1254
1255
1267
1276
1284
1288
1303
1313
1325
1325
1326
1315
1304
1288
1274
1259
1250
1231
1215
1215
1211
1223
1224
1238
1241
1244
1249
1254
1260
1262
1262
1267
1262
1263
1272
1282
1291
1297
1326
1329
1359
1383
1401
1396
1405
1407
1403
1407
1415
1412
1401
1395
1389
1383
1362
1359
1342
1326
1304
1286
1264
1235
1204
1174
1140
1110
1075
1040
993
974
960
955
960
974
970
968
969
949
937
927
914
896
880
877
872
858
849
836
820
803
791
775
756
738
717
694
670
655
627
607
578
553
524
486
454
417
385
347
311
273
234
189
141
97
51
14
8
654
4071
4042
3993
3925
3870
3803
3746
3676
3601
3535
3462
3380
3288
3220
3138
3068
2996
2928
2858
2799
2738
2689
2645
2595
2550
2507
2463
2418
2370
2321
2262
2218
2162
2109
2061
2030
1987
1949
1913
1879
1848
1820
1793
1767
1743
1722
1702
1682
1660
1644
1627
1608
1589
1572
1549
1538
1524
1509
1499
1492
1465
1439
1414
1384
1346
1324
1286
1257
1236
1222
1213
1214
1224
1225
1226
1229
1229
1228
1229
1240
1243
1251
1261
1273
1285
1296
1304
1317
1327
1341
1351
1363
1376
1399
1398
1403
1401
1388
1367
1344
1319
1296
1275
1257
1240
1236
1225
1224
1231
1245
1251
1253
1258
1262
1267
1273
1279
1282
1286
1289
1291
1300
1303
1303
1307
1305
1306
1303
1303
1303
1303
1303
1302
1300
1299
1297
1287
1289
1286
1281
1279
1275
1271
1269
1265
1259
1266
1267
1272
1279
1287
1288
1290
1299
1306
1303
1305
1300
1290
1275
1270
1256
1237
1238
1219
1220
1223
1223
1234
1251
1254
1264
1273
1277
1290
1288
1284
1300
1300
1286
1291
1290
1282
1284
1281
1275
1275
1269
1285
1288
1305
1303
1309
1318
1330
1322
1322
1314
1294
1284
1271
1258
1244
1228
1231
1231
1235
1242
1246
1249
1269
1278
1291
1306
1327
1344
1361
1382
1382
1384
1383
1381
1373
1371
1370
1361
1356
1338
1323
1295
1283
1258
1237
1209
1186
1162
1133
1102
1080
1076
1075
1082
1105
1128
1135
1155
1173
1180
1194
1207
1223
1233
1242
1248
1251
1248
1249
1248
1249
1254
1254
1254
1254
1254
1257
1255
1259
1261
1262
1269
1273
1272
1277
1281
1277
1272
1272
1258
1243
1236
1216
1212
1194
1185
1178
1186
1200
1210
1231
1246
1262
1273
1296
1287
1295
1295
1287
1275
1273
1262
1263
1251
1251
1240
1232
1225
1216
1213
1203
1194
1194
1185
1196
1204
1219
1224
1234
1243
1247
1254
1265
1269
1272
1275
1271
1263
1258
1258
1252
1252
1249
1244
1241
1238
1231
1225
1230
1233
1235
1245
1249
1255
1263
1264
1272
1274
1280
1281
1282
1281
1273
1267
1262
1254
1252
1248
1243
1239
1233
1226
1215
1221
1218
1220
1230
1236
1245
1252
1254
1261
1267
1272
1276
1288
1290
1287
1286
1281
1278
1269
1261
1257
1250
1249
1243
1240
1237
1221
1227
1226
1230
1235
1252
1250
1259
1262
1272
1274
1285
1289
1287
1289
1288
1286
1275
1269
1262
1246
1248
1243
1228
1220
1227
1220
1229
1244
1250
1259
1272
1273
1282
1288
1285
1292
1295
1289
1278
1278
1267
1265
1261
1254
1245
1244
1240
1236
1237
1244
1249
1253
1254
1258
1262
1263
1268
1273
1274
1273
1269
1267
1260
1255
1255
1248
1244
1239
1230
1234
1230
1235
1242
1252
1255
1262
1267
1272
1276
1281
1287
1288
1293
1301
1302
1297
1306
1303
1289
1289
1284
1275
1271
1268
1260
1251
1245
1253
1244
1255
1258
1267
1274
1278
1285
1286
1290
1287
1288
1289
1278
1270
1258
1256
1252
1242
1242
1246
1236
1245
1256
1257
1267
1267
1267
1274
1281
1286
1290
1291
1287
1283
1274
1270
1268
1260
1254
1248
1244
1249
1245
1256
1262
1273
1282
1286
1285
1296
1307
1311
1308
1311
1306
1288
1290
1281
1272
1268
1266
1249
1239
1248
1237
1241
1240
1249
1255
1254
1258
1260
1270
1268
1270
1274
1280
1282
1285
1287
1295
1303
1302
1310
1317
1322
1327
1341
1333
1332
1322
1309
1291
1281
1263
1258
1237
1233
1225
1231
1239
1244
1240
1250
1246
1254
1255
1259
1263
1263
1267
1269
1269
1272
1272
1274
1274
1272
1278
1289
1288
1302
1311
1319
1330
1339
1345
1347
1345
1328
1313
1290
1272
1260
1251
1230
1238
1234
1239
1253
1260
1265
1273
1279
1287
1276
1281
1275
1266
1254
1249
1231
1213
1226
1227
1233
1243
1249
1255
1258
1268
1275
1272
1270
1263
1256
1250
1245
1239
1230
1209
1236
1228
1243
1247
1254
1259
1270
1274
1281
1287
1288
1281
1278
1268
1259
1253
1250
1224
1229
1235
1240
1248
1252
1257
1266
1271
1280
1282
1280
1270
1271
1249
1249
1240
1229
1219
1219
1217
1226
1232
1243
1247
1256
1261
1270
1278
1286
1288
1305
1310
1312
1316
1308
1299
1285
1275
1269
1254
1247
1240
1246
1242
1247
1253
1253
1257
1261
1263
1268
1272
1273
1270
1277
1268
1262
1259
1256
1258
1249
1242
1242
1245
1243
1258
1261
1268
1272
1271
1284
1291
1297
1308
1303
1302
1299
1290
1278
1272
1261
1256
1247
1234
1220
1228
1228
1234
1246
1252
1258
1260
1265
1273
1280
1274
1281
1279
1273
1266
1262
1258
1254
1246
1242
1244
1244
1258
1258
1264
1272
1279
1283
1292
1291
1289
1287
1287
1280
1271
1265
