12019
12019
12018
12018
12017
12016
12015
12014
12014
12014
12014
12013
12013
12012
12012
12011
12010
12010
12009
12009
12008
12007
12007
12007
12005
12004
12004
12003
12003
12002
12002
12001
12001
12002
12002
12002
12003
12004
12004
12004
12004
12004
12003
12003
12003
12002
12000
12000
12000
11999
11999
11999
11999
11998
11997
11996
11995
11995
11993
11992
11991
11990
11989
11988
11987
11986
11985
11985
11984
11984
11984
11985
11987
11988
11989
11990
11990
11991
11991
11992
11993
11993
11993
11992
11991
11991
11991
11991
11991
11991
11991
11991
11991
11992
11993
11993
11993
11993
11992
11992
11991
11991
11990
11987
11986
11986
11986
11985
11985
11986
11986
11986
11988
11988
11988
11988
11988
11988
11987
11987
11987
11986
11985
11984
11984
11983
11983
11984
11984
11984
11984
11984
11985
11985
11986
11987
11987
11988
11988
11988
11987
11987
11987
11986
11985
11984
11983
11983
11983
11983
11983
11983
11983
11983
11983
11984
11985
11986
11987
11987
11987
11987
11987
11986
11986
11984
11983
11982
11981
11981
11981
11981
11981
11981
11982
11983
11985
11986
11986
11986
11986
11986
11986
11986
11986
11986
11984
11984
11985
11985
11985
11986
11986
11986
11986
11986
11987
11988
11988
11990
11991
11992
11992
11992
11992
11993
11993
11993
11992
11991
11991
11991
11991
11991
11991
11991
11991
11991
11991
11993
11994
11995
11996
11996
11996
11996
11997
11998
11998
11999
11999
11997
11997
11997
11996
11996
11996
11996
11996
11995
11995
11996
11997
11998
11999
12000
12000
12000
12001
12001
12002
12003
12003
12004
12005
12006
12006
12006
12006
12007
12007
12007
12008
12008
12009
12009
12009
12010
12012
12014
12015
12015
12017
12018
12018
12019
12020
12022
12022
12022
12022
12022
12022
12022
12022
12022
12022
12022
12022
12022
12024
12025
12025
12025
12026
12026
12026
12027
12028
12029
12029
12029
12028
12028
12029
12029
12029
12029
12030
12029
12030
12031
12033
12034
12034
12034
12035
12035
12035
12037
12038
12038
12038
12039
12039
12037
12037
12038
12038
12038
12038
12038
12038
12038
12039
12040
12041
12043
12045
12045
12046
12047
12047
12047
12047
12047
12046
12046
12047
12047
12047
12048
12048
12048
12048
12049
12051
12053
12054
12054
12055
12055
12055
12056
12056
12056
12055
12055
12056
12056
12056
12056
12057
12057
12057
12059
12061
12062
12063
12063
12063
12063
12063
12064
12064
12064
12064
12064
12065
12066
12067
12067
12069
12070
12072
12074
12076
12077
12078
12079
12080
12080
12082
12082
12082
12082
12081
12080
12081
12081
12081
12081
12082
12082
12082
12083
12086
12086
12086
12086
12087
12087
12087
12087
12087
12087
12086
12086
12086
12086
12086
12086
12086
12086
12087
12089
12091
12092
12092
12092
12093
12094
12094
12094
12094
12092
12092
12092
12092
12092
12092
12092
12092
12093
12095
12097
12098
12098
12098
12098
12098
12098
12098
12097
12097
12098
12099
12099
12099
12099
12100
12100
12100
12102
12104
12107
12107
12107
12108
12109
12109
12109
12109
12109
12107
12107
12108
12108
12108
12109
12109
12109
12111
12113
12114
12115
12115
12115
12116
12116
12116
12116
12116
12116
12116
12117
12118
12118
12118
12118
12118
12119
12120
12123
12124
12125
12126
12126
12127
12127
12128
12129
12129
12128
12127
12127
12127
12127
12127
12127
12127
12127
12128
12131
12133
12133
12133
12134
12134
12133
12133
12133
12133
12133
12133
12134
12134
12134
12135
12135
12135
12136
12138
12141
12142
12142
12143
12143
12143
12144
12144
12144
12144
12144
12143
12144
12144
12144
12144
12145
12145
12146
12147
12149
12151
12152
12153
12154
12154
12154
12155
12155
12155
12155
12155
12154
12154
12154
12154
12154
12154
12153
12153
12153
12154
12156
12158
12159
12159
12159
12160
12160
12161
12161
12161
12161
12163
12164
12165
12167
12169
12170
12172
12176
12179
12182
12184
12185
12187
12188
12188
12189
12187
12186
12187
12187
12187
12187
12187
12186
12186
12186
12188
12189
12189
12190
12190
12190
12190
12191
12192
12192
12192
12191
12192
12192
12192
12192
12192
12192
12192
12193
12195
12198
12198
12198
12199
12200
12200
12200
12200
12199
12197
12197
12196
12196
12196
12196
12195
12195
12195
12196
12199
12199
12199
12200
12201
12201
12200
12200
12200
12199
12197
12197
12196
12196
12196
12195
12194
12192
12191
12190
12190
12190
12190
12189
12188
12188
12187
12186
12185
12185
12184
12182
12181
12179
12177
12176
12176
12175
12174
12174
12173
12172
12172
12172
12172
12171
12171
12171
12170
12168
12167
12166
12164
12162
12160
12159
12159
12157
12157
12157
12156
12156
12156
12156
12156
12155
12155
12155
12155
12155
12155
12154
12153
12152
12149
12149
12149
12148
12148
12147
12147
12145
12143
12141
12139
12138
12136
12134
12132
12130
12128
12127
12125
12124
12122
12122
12123
12123
12123
12123
12123
12123
12123
12123
12124
12124
12123
12122
12121
12120
12120
12120
12120
12119
12119
12118
12117
12116
12115
12114
12112
12111
12108
12106
12102
12099
12098
12096
12095
12092
12091
12091
12091
12091
12091
12090
12090
12090
12090
12090
12090
12091
12090
12089
12088
12088
12088
12088
12088
12088
12088
12087
12087
12087
12088
12088
12088
12088
12087
12087
12086
12085
12084
12082
12079
12078
12076
12075
12074
12074
12072
12071
12071
12071
12071
12071
12071
12070
12070
12070
12069
12068
12068
12067
12064
12063
12063
12062
12061
12061
12060
12059
12058
12057
12056
12055
12055
12054
12053
12052
12051
12050
12049
12048
12047
12045
12043
12040
12039
12039
12038
12037
12037
12036
12036
12036
12036
12036
12037
12036
12036
12036
12035
12035
12035
12035
12034
12032
12030
12029
12029
12029
12028
12028
12026
12026
12024
12023
12022
12020
12018
12016
12015
12014
12013
12011
12010
12008
12007
12007
12007
12007
12007
12007
12007
12007
12007
12007
12007
12007
12007
12007
12007
12006
12005
12003
12003
12003
12003
12003
12003
12003
12003
12002
12002
12002
12002
12002
12002
12002
12002
12002
12001
12001
12000
12000
11999
11998
11996
11993
11992
11991
11990
11989
11988
11987
11985
11984
11984
11984
11985
11985
11985
11985
11985
11985
11985
11985
11986
11986
11985
11984
11983
11983
11983
11983
11983
11983
11983
11983
11983
11984
11985
11985
11985
11985
11985
11985
11985
11985
11984
11984
11983
11982
11981
11981
11980
11980
11980
11979
11978
11978
11978
11978
11980
11980
11980
11980
11980
11980
11980
11980
11980
11978
11977
11977
11977
11977
11977
11977
11977
11977
11977
11978
11979
11980
11980
11980
11980
11980
11980
11980
11981
11980
11979
11979
11978
11978
11978
11978
11978
11978
11978
11978
11979
11979
11981
11982
11983
11983
11983
11983
11983
11984
11984
11984
11984
11984
11984
11984
11984
11984
11985
11985
11985
11985
11985
11986
11987
11988
11989
11990
11991
11992
11992
11993
11994
11994
11994
11994
11994
11993
11993
11993
11993
11993
11993
11993
11994
11994
11996
11998
11999
11999
12000
12000
12000
12002
12003
12003
12003
12004
12004
12004
12004
12005
12005
12005
12005
12005
12005
12007
12009
12011
12011
12011
12012
12012
12012
12012
12012
12012
12012
12012
12013
12013
12013
12014
12014
12014
12015
12017
12020
12022
12022
12023
12024
12024
12024
12025
12025
12024
12024
12025
12025
12025
12026
12026
12028
12031
12032
12032
12033
12034
12034
12034
12035
12036
12036
12036
12037
12039
12039
12040
12040
12041
12042
12042
12044
12046
12050
12051
12051
12053
12055
12055
12056
12056
12056
12056
12056
12056
12056
12056
12056
12056
12056
12057
12059
12060
12060
12060
12061
12061
12061
12063
12064
12065
12066
12066
12067
12067
12068
12070
12070
12071
12072
12074
12075
12076
12080
12082
12083
12084
12086
12087
12087
12089
12090
12089
12089
12089
12090
12090
12090
12091
12091
12090
12091
12094
12095
12096
12096
12096
12096
12097
12097
12098
12098
12098
12098
12098
12099
12099
12100
12100
12101
12101
12101
12102
12104
12107
12109
12110
12111
12112
12113
12114
12116
12117
12118
12118
12118
12118
12118
12118
12118
12118
12118
12118
12118
12119
12122
12124
12124
12124
12125
12126
12126
12125
12125
12125
12125
12126
12127
12127
12128
12130
12131
12134
12136
12138
12138
12139
12141
12142
12142
12143
12143
12143
12144
12144
12144
12144
12144
12144
12144
12144
12147
12149
12149
12149
12150
12150
12149
12149
12150
12150
12149
12150
12151
12151
12152
12153
12153
12154
12156
12159
12161
12162
12163
12165
12165
12166
12166
12166
12166
12166
12166
12166
12166
12166
12166
12166
12165
12165
12167
12169
12169
12169
12170
12170
12170
12169
12169
12169
12169
12168
12168
12168
12168
12168
12168
12168
12168
12168
12168
12169
12170
12171
12173
12174
12174
12175
12175
12175
12176
12177
12178
12178
12179
12179
12178
12178
12178
12178
12178
12178
12178
12178
12178
12178
12179
12180
12180
12181
12182
12182
12182
12182
12182
12182
12182
12182
12183
12183
12183
12184
12184
12184
12184
12184
12184
12184
12184
12184
12184
12184
12184
12184
12184
12183
12183
12183
12183
12182
12182
12182
12182
12181
12180
12180
12180
12179
12179
12178
12178
12177
12176
12176
12176
12175
12175
12175
12175
12175
12175
12176
12177
12177
12177
12177
12177
12177
12177
12177
12176
12176
12175
12174
12172
12172
12172
12171
12171
12171
12170
12170
12169
12168
12167
12166
12165
12164
12163
12161
12159
12159
12158
12157
12156
12156
12156
12158
12159
12160
12160
12160
12160
12160
12159
12159
12157
12155
12155
12155
12154
12154
12154
12154
12154
12154
12154
12155
12155
12154
12154
12154
12154
12153
12152
12151
12148
12147
12147
12146
12145
12145
12144
12143
12142
12142
12142
12141
12141
12141
12141
12141
12140
12140
12140
12140
12140
12139
12139
12138
12136
12135
12134
12134
12134
12133
12133
12133
12132
12132
12132
12132
12132
12132
12132
12131
12130
12130
12129
12128
12127
12125
12123
12121
12119
12119
12118
12117
12116
12116
12115
12115
12115
12115
12115
12115
12114
12114
12114
12114
12113
12113
12111
12108
12107
12107
12107
12105
12105
12105
12105
12105
12105
12105
12105
12103
12103
12103
12102
12101
12100
12098
12095
12094
12093
12092
12090
12090
12088
12087
12086
12086
12086
12086
12086
12085
12084
12084
12082
12081
12080
12078
12076
12075
12075
12074
12073
12073
12072
12071
12071
12072
12072
12072
12071
12071
12070
12069
12068
12068
12066
12064
12063
12063
12062
12062
12062
12061
12061
12061
12061
12061
12061
12061
12060
12059
12059
12058
12056
12055
12052
12050
12048
12047
12047
12046
12045
12044
12044
12044
12045
12045
12045
12044
12044
12044
12044
12044
12044
12044
12043
12040
12040
12040
12039
12039
12039
12038
12036
12035
12035
12034
12032
12031
12029
12027
12026
12024
12023
12022
12020
12019
12018
12018
12020
12020
12020
12020
12020
12020
12020
12020
12020
12020
12019
12017
12017
12017
12017
12017
12017
12017
12016
12016
12016
12017
12017
12017
12017
12017
12017
12017
12017
12016
12015
12014
12012
12011
12011
12011
12010
12010
12010
12010
12009
12009
12009
12010
12010
12010
12010
12010
12010
12010
12009
12009
12008
12006
12004
12004
12004
12003
12003
12003
12002
12002
12002
12003
12003
12003
12003
12003
12003
12002
12002
12002
12001
12000
11998
11996
11995
11995
11995
11995
11995
11994
11994
11994
11994
11994
11994
11994
11994
11994
11993
11993
11993
11993
11992
11992
11992
11991
11991
11989
11987
11986
11986
11986
11986
11986
11985
11985
11985
11985
11985
11985
11986
11987
11987
11986
11986
11986
11986
11986
11986
11985
11985
11985
11984
11983
11982
11981
11981
11981
11980
11980
11980
11979
11978
11978
11977
11976
11976
11975
11974
11974
11974
11973
11973
11974
11975
11977
11978
11978
11978
11979
11979
11979
11979
11980
11979
11978
11977
11977
11977
11977
11977
11977
11977
11977
11977
11977
11977
11978
11978
11979
11979
11979
11979
11979
11979
11980
11980
11980
11980
11980
11980
11980
11980
11980
11980
11981
11981
11981
11981
11982
11982
11982
11982
11982
11983
11985
11986
11988
11990
11990
11991
11992
11993
11994
11995
11995
11995
11995
11995
11995
11995
11995
11995
11995
11995
11995
11995
11995
11997
11999
11999
12000
12000
12001
12002
12003
12004
12004
12005
12005
12005
12006
12007
12007
12007
12008
12009
12009
12012
12014
12015
12016
12017
12018
12018
12019
12020
12020
12020
12019
12020
12020
12020
12021
12021
12021
12022
12024
12026
12028
12028
12028
12028
12028
12028
12028
12028
12028
12028
12029
12030
12030
12030
12030
12031
12032
12034
12036
12037
12038
12038
12039
12039
12039
12039
12039
12038
12040
12040
12040
12042
12043
12044
12047
12051
12053
12054
12055
12055
12056
12056
12056
12056
12056
12057
12058
12058
12058
12059
12060
12062
12066
12066
12066
12067
12068
12068
12070
12073
12075
12076
12078
12081
12084
12086
12089
12092
12095
12097
12098
12100
12101
12099
12099
12100
12100
12100
12100
12100
12099
12099
12100
12101
12102
12102
12102
12103
12103
12103
12103
12104
12104
12104
12103
12103
12104
12104
12104
12105
12106
12107
12110
12113
12114
12114
12115
12116
12116
12117
12118
12118
12118
12118
12118
12118
12118
12118
12118
12118
12118
12119
12123
12124
12124
12124
12125
12125
12125
12126
12126
12126
12126
12127
12127
12127
12128
12129
12130
12131
12134
12136
12136
12137
12139
12140
12140
12141
12143
12144
12144
12144
12144
12144
12144
12144
12144
12144
12144
12145
12148
12150
12150
12150
12151
12151
12151
12151
12151
12151
12151
12152
12153
12153
12154
12155
12156
12158
12160
12163
12165
12165
12166
12168
12169
12169
12169
12169
12169
12169
12169
12169
12170
12170
12170
12171
12174
12176
12177
12177
12178
12178
12178
12179
12180
12179
12178
12179
12179
12179
12179
12180
12180
12180
12180
12182
12185
12186
12186
12187
12188
12188
12188
12188
12188
12188
12187
12187
12187
12187
12187
12187
12187
12186
12187
12188
12191
12192
12192
12193
12194
12194
12194
12194
12195
12195
12194
12194
12194
12195
12195
12195
12195
12195
12196
12197
12199
12200
12201
12201
12202
12202
12202
12202
12202
12202
12201
12200
12200
12200
12200
12200
12200
12200
12200
12200
12201
12201
12202
12204
12205
12205
12205
12205
12205
12205
12205
12205
12203
12201
12200
12200
12200
12200
12200
12200
12200
12200
12201
12203
12203
12203
12204
12204
12204
12204
12204
12204
12203
12201
12200
12200
12199
12198
12198
12197
12196
12195
12195
12195
12196
12196
12196
12196
12196
12196
12196
12195
12195
12195
12193
12191
12191
12191
12190
12190
12190
12190
12188
12188
12188
12188
12187
12186
12186
12186
12185
12185
12184
12184
12183
12183
12183
12183
12183
12183
12183
12183
12183
12183
12183
12182
12181
12180
12178
12177
12176
12176
12174
12174
12173
12171
12170
12170
12170
12169
12169
12169
12168
12166
12166
12166
12165
12164
12164
12164
12163
12161
12159
12157
12155
12155
12154
12153
12152
12151
12150
12149
12149
12149
12149
12149
12149
12148
12148
12148
12147
12147
12147
12145
12143
12142
12141
12141
12141
12140
12140
12139
12138
12136
12135
12134
12131
12130
12129
12127
12125
12124
12123
12122
12122
12123
12123
12122
12122
12122
12122
12122
12122
12121
12120
12119
12117
12117
12117
12117
12117
12116
12116
12115
12114
12114
12113
12112
12111
12108
12106
12102
12099
12097
12096
12094
12092
12090
12089
12089
12088
12088
12087
12087
12087
12087
12087
12087
12087
12086
12084
12082
12082
12082
12082
12082
12082
12080
12080
12079
12078
12078
12078
12077
12076
12075
12074
12071
12070
12067
12067
12067
12069
12072
12078
12081
12082
12083
12086
12089
12093
12099
12104
12108
12113
12120
12127
12134
12141
12149
12157
12166
12175
12184
12194
12204
12215
12224
12234
12242
12247
12251
12257
12263
12270
12276
12283
12290
12296
12302
12306
12309
12311
12314
12316
12319
12324
12329
12334
12338
12341
12345
12348
12351
12354
12356
12359
12361
12363
12366
12370
12373
12376
12379
12382
12384
12386
12388
12390
12393
12395
12397
12399
12401
12403
12404
12406
12407
12408
12409
12410
12411
12411
12412
12412
12412
12412
12412
12411
12411
12409
12406
12400
12394
12392
12389
12386
12382
12381
12380
12379
12378
12377
12376
12374
12373
12371
12370
12369
12367
12367
12366
12365
12364
12364
12364
12364
12364
12364
12364
12365
12366
12366
12366
12367
12367
12367
12367
12367
12368
12368
12369
12369
12369
12369
12369
12369
12369
12371
12376
12382
12384
12385
12388
12390
12390
12389
12390
12390
12390
12390
12390
12390
12390
12389
12387
12385
12383
12380
12376
12374
12371
12367
12363
12359
12355
12351
12346
12342
12338
12335
12331
12328
12328
12328
12327
12326
12326
12326
12326
12326
12326
12326
12325
12322
12320
12320
12319
12318
12318
12317
12315
12314
12311
12310
12309
12307
12305
12303
12301
12299
12297
12296
12294
12292
12290
12288
12287
12285
12283
12282
12280
12279
12278
12277
12275
12275
12274
12272
12271
12270
12269
12267
12264
12262
12259
12256
12255
12253
12251
12250
12249
12248
12248
12248
12247
12246
12245
12245
12244
12243
12243
12242
12240
12237
12234
12232
12231
12229
12227
12227
12225
12223
12222
12220
12219
12218
12216
12215
12213
12210
12207
12206
12205
12201
12198
12194
12192
12190
12188
12186
12185
12184
12183
12184
12184
12183
12182
12182
12182
12181
12180
12179
12176
12174
12174
12174
12172
12171
12171
12169
12167
12166
12164
12163
12163
12165
12168
12170
12171
12172
12174
12175
12177
12180
12185
12189
12194
12199
12204
12210
12217
12223
12229
12234
12240
12246
12249
12251
12253
12256
12259
12260
12263
12264
12264
12264
12264
12266
12267
12267
12269
12270
12270
12271
12271
12271
12272
12272
12273
12273
12273
12273
12273
12274
12274
12274
12274
12275
12277
12278
12279
12281
12284
12288
12290
12291
12294
12296
12297
12298
12300
12301
12301
12301
12301
12301
12301
12301
12301
12301
12302
12304
12306
12306
12307
12308
12309
12309
12310
12312
12314
12315
12316
12318
12319
12321
12322
12323
12323
12323
12323
12323
12323
12323
12323
12323
12322
12322
12324
12325
12326
12326
12326
12327
12327
12327
12327
12328
12328
12328
12328
12327
12327
12327
12326
12325
12326
12326
12325
12325
12326
12326
12326
12326
12326
12327
12328
12328
12328
12329
12329
12329
12329
12330
12330
12330
12330
12330
12330
12329
12327
12327
12327
12326
12326
12326
12325
12324
12323
12323
12323
12323
12323
12324
12324
12324
12324
12324
12324
12324
12324
12324
12324
12324
12323
12322
12321
12319
12319
12319
12317
12316
12316
12315
12314
12313
12313
12313
12313
12313
12313
12313
12313
12312
12312
12312
12312
12312
12311
12310
12307
12305
12305
12304
12302
12302
12302
12300
12299
12299
12299
12299
12299
12298
12298
12298
12296
12296
12296
12296
12295
12294
12292
12290
12289
12288
12288
12287
12287
12286
12286
12285
12285
12285
12285
12285
12284
12284
12283
12282
12282
12281
12280
12278
12276
12274
12272
12271
12270
12268
12267
12267
12265
12263
12261
12260
12259
12257
12256
12255
12254
12254
12253
12251
12251
12251
12249
12248
12248
12247
12245
12243
12242
12239
12238
12238
12236
12235
12235
12234
12233
12232
12232
12232
12232
12232
12231
12231
12230
12228
12227
12226
12224
12220
12219
12219
12217
12215
12215
12215
12212
12211
12211
12210
12209
12208
12207
12207
12206
12205
12203
12202
12201
12199
12196
12193
12191
12190
12188
12186
12186
12184
12182
12180
12179
12179
12179
12178
12176
12176
12176
12174
12174
12174
12173
12171
12170
12167
12166
12166
12165
12163
12163
12163
12160
12159
12157
12155
12153
12151
12148
12147
12145
12143
12140
12139
12138
12135
12133
12132
12131
12130
12130
12131
12131
12130
12130
12130
12130
12130
12130
12128
12127
12126
12126
12126
12126
12125
12125
12124
12124
12123
12122
12121
12120
12119
12117
12115
12114
12112
12109
12107
12103
12099
12097
12096
12094
12091
12090
12090
12090
12090
12090
12090
12090
12090
12090
12090
12090
12090
12087
12086
12086
12086
12086
12086
12086
12085
12085
12086
12087
12086
12085
12085
12084
12083
12082
12080
12077
12076
12076
12076
12075
12075
12075
12075
12076
12076
12075
12074
12074
12073
12072
12070
12068
12066
12064
12063
12063
12061
12060
12060
12059
12059
12059
12059
12058
12058
12057
12056
12055
12054
12053
12051
12048
12046
12046
12046
12044
12044
12044
12044
12044
12044
12044
12043
12043
12043
12043
12041
12040
12038
12035
12034
12034
12033
12032
12031
12029
12027
12026
12024
12023
12022
12020
12020
12020
12020
12019
12019
12019
12018
12018
12018
12017
12015
12013
12013
12013
12013
12013
12013
12013
12012
12012
12012
12012
12011
12011
12011
12010
12009
12008
12007
12007
12004
12001
12000
11999
11998
11997
11996
11995
11993
11993
11993
11993
11993
11993
11993
11993
11993
11993
11992
11992
11992
11992
11991
11988
11988
11988
11987
11987
11987
11987
11986
11986
11986
11986
11987
11986
11986
11985
11985
11984
11984
11983
11982
11980
11978
11976
11976
11976
11976
11975
11975
11975
11976
11976
11976
11976
11976
11976
11976
11976
11976
